13006209984
13007219669
13007225023
13007229418
13007237274
13007244488
13007280619
13007289777
13026201282
13026203373
13026213733
13026218572
13027213235
13027219381
13027223889
13027233393
13027289195
13036200209
13036204406
13036218113
13037202725
13037203617
13037210035
13044917457
13047905605
13047907273
13047907627
13047908230
13047908359
13047909856
13047910971
13047915360
13047915638
13047917981
13065100137
13065108062
13065112126
13065115281
13065120084
13065132383
13065165189
13065169119
13065173460
13065182278
13065182785
13077913691
13077915989
13077916204
13077920808
13077928950
13077955571
13077969396
13077979987
13077980910
13077987725
13077988359
13077998897
13097201016
13097205230
13097206588
13097210312
13097214991
13097289909
13117800153
13117811650
13117816035
13133803207
13133827853
13133829406
13155802021
13155812413
13155820088
13155822540
13170876259
13170888048
13170917612
13170917871
13177771843
13177773761
13177786205
13177802335
13177812365
13177815893
13177845920
13177860120
13177877328
13177886897
13177890293
13177897020
13177898154
13177899869
13177917731
13184569313
13184573209
13184575529
13184576531
13184577668
13184579253
13184585536
13197914968
13197916281
13197918986
13207000921
13207098632
13207912770
13207915001
13207915114
13207918081
13217000196
13217914869
13217917328
13217918774
13217919670
13237002131
13237009950
13237088005
13237511416
13237511672
13237513517
13237522956
13237523127
13237525137
13237646762
13237648991
13237919070
13237919616
13247003615
13247008747
13247008823
13247090153
13247095750
13247095779
13247703158
13247707768
13247766653
13247808225
13247817313
13247818178
13247841911
13247848823
13247866550
13257002576
13257083241
13257086997
13257087367
13257093568
13257096741
13257098162
13257099887
13257912224
13263001156
13263008650
13263093125
13263093690
13263914920
13307005123
13307005230
13317915052
13319421094
13320012122
13320112336
13330087702
13330117689
13330118778
13330128647
13340011979
13340016526
13340113900
13340116468
13340117397
13340118953
13340119049
13361618376
13361643197
13361645083
13361649220
13361649655
13361651258
13361652017
13361652381
13361653559
13361654015
13367001766
13367001796
13367009339
13367090839
13387006316
13387080830
13387916884
13397080688
13397081399
13397913890
13397919167
13407002095
13407009889
