13007318801
13007412497
13007412549
13007421143
13007431433
13007493969
13016162354
13016162876
13017181597
13017191466
13017381431
13017394869
13027419986
13027433117
13027491277
13036784066
13036789564
13036794605
13036797642
13037310534
13037311734
13047215990
13047217660
13054178585
13077309884
13077325420
13077370550
13077387797
13077391030
13077399463
13080532992
13080556056
13080560306
13080561923
13087319938
13100256498
13100257426
13100318619
13100319387
13107213452
13107415925
13107416487
13117312145
13117318760
13117416872
13117417022
13135014031
13135116404
13135218481
13135280597
13135283609
13135289963
13135317571
13142004665
13142018465
13142042717
13142044541
13142051073
13142066345
13142068533
13142078176
13142078519
13142081019
13142088703
13142094166
13142094366
13142094892
13142096982
13142099242
13142100653
13142113251
13142119378
13142130768
13142159564
13142160171
13142188518
